51
D3 0.494 0.303253 0.18087
D3 0.992157 0.873247 0.199424
D3 0.713 0.111152 0.111152
D3 1 1 1
D3 0.75 0.75 0.75
D3 0.6667 0.6667 0.6667
D3 0.5 0.5 0.5
D3 0.333 0.333 0.333
D3 0.2 0.2 0.2
D3 0.1 0.1 0.1
D3 0.05 0.05 0.05
D3 0.025 0.025 0.025
D3 0.0125 0.0125 0.0125
D3 0.00625 0.00625 0.00625
D3 0 0 0
D3 0.3 0.075 0.1875
D3 0.3 0.075 0.3
D3 0.1875 0.075 0.3
D3 0.075 0.075 0.3
D3 0.075 0.1875 0.3
D3 0.075 0.3 0.3
D3 0.075 0.3 0.1875
D3 0.075 0.3 0.075
D3 0.1875 0.3 0.075
D3 0.3 0.3 0.075
D3 0.3 0.1875 0.075
D3 0.3 0.075 0.075
D3 0.5 0 0.25
D3 0.5 0 0.5
D3 0.25 0 0.5
D3 0 0 0.5
D3 0 0.25 0.5
D3 0 0.5 0.5
D3 0 0.5 0.25
D3 0 0.5 0
D3 0.25 0.5 0
D3 0.5 0.5 0
D3 0.5 0.25 0
D3 0.5 0 0
D3 1 0 0.5
D3 1 0 1
D3 0.5 0 1
D3 0 0 1
D3 0 0.5 1
D3 0 1 1
D3 0 1 0.5
D3 0 1 0
D3 0.5 1 0
D3 1 1 0
D3 1 0.5 0
D3 1 0 0
